0	0	0	0	0	0	0	0	0	0	0	0	0	0	0	0	0	0	0	0	0	0	0	0	0	0	0	0	0	0	0	0	0	0	0	0	0	0	0	0	0	0	0	0	0	0	0	0	0	0
0	0	0	0	0	0	0	0	0	0	0	0	0	0	0	0	0	0	0	0	0	0	8.982677448	0	0	0	0	0	0	13.1528144	0	0	0	72.39227207	0	0	0	0	0	0	0	0	0	0	0	0	0	0	0	0
0	0	0	0	0	0	0	0	0	0	0	0	0	0	0	0	0	0	0	0	0	0	0	0	0	0	0	0	0	0	0	0	0	0	0	0	0	0	0	0	0	0	0	0	0	0	0	0	0	0
0	0	0	0	0	0	0	0	0	0	0	0	0	0	0	0	0	0	0	0	0	0	0	0	0	0	0	0	0	0	0	0	45.11391427	0	0	0	0	0	0	0	0	0	0	0	0	152.5228012	0	0	0	0
0	0	0	0	0	18.09122302	0	0	0	0	0	0	0	0	0	0	0	0	0	0	0	0	0	0	0	0	0	0	0	0	0	0	0	0	0	0	0	0	0	0	0	0	0	0	0	0	0	0	0	0
0	0	0	0	0	0	0	0	0	0	0	0	0	0	0	0	0	0	0	0	0	0	0	0	0	0	0	0	0	0	0	0	0	0	0	0	0	0	0	0	0	0	0	0	0	0	0	0	0	0
0	0	0	0	0	0	0	66.99772449	0	0	0	0	0	0	0	0	0	0	0	0	0	0	0	0	0	0	0	0	0	0	0	0	0	0	0	0	0	0	0	0	0	0	0	0	0	0	0	0	0	0
0	0	0	0	0	0	0	0	0	0	0	0	0	0	0	0	0	0	0	0	0	0	0	0	0	0	0	0	0	0	0	0	0	0	0	0	0	0	0	0	0	0	0	0	0	0	0	0	0	0
0	0	0	0	0	0	0	0	0	0	0	0	0	0	0	0	0	0	0	0	0	0	0	0	0	0	0	0	0	0	0	0	0	0	0	0	0	0	0	0	0	0	0	0	0	0	0	0	0	0
0	0	0	0	0	0	0	0	0	0	0	0	0	0	0	0	0	0	0	0	0	0	0	0	0	0	0	0	0	0	0	0	0	0	0	0	0	0	0	0	0	0	0	0	0	0	0	0	0	0
0	0	0	0	0	0	0	0	0	0	0	0	0	0	0	0	0	0	0	0	0	0	0	0	0	0	0	0	0	0	0	0	0	0	0	0	0	0	0	0	0	0	0	0	0	0	0	0	0	0
0	0	0	0	0	0	0	0	0	0	0	0	0	0	0	0	0	0	0	0	0	0	0	0	0	0	0	0	0	0	0	0	0	0	0	0	0	0	0	0	0	0	0	0	0	0	0	0	0	0
0	0	0	0	0	0	0	0	0	0	0	0	0	0	0	0	0	0	0	0	0	0	0	0	0	0	0	0	0	0	0	0	0	0	0	0	0	0	0	0	0	0	0	0	0	0	0	0	0	0
0	0	0	0	0	0	0	0	0	0	0	0	0	0	0	0	0	0	0	0	0	0	0	0	0	0	0	0	0	0	0	0	0	0	0	0	0	0	0	0	0	0	0	0	0	0	0	0	0	0
0	0	0	0	0	0	0	0	0	0	0	0	0	0	0	0	0	7.629717054	0	0	0	0	0	0	0	0	0	0	0	0	0	0	143.3630778	0	0	0	0	0	0	0	0	0	0	0	0	0	0	0	0	0
0	0	0	0	0	0	0	0	0	0	0	0	0	0	0	0	0	0	0	0	0	0	0	0	0	0	0	0	0	0	0	0	0	0	0	0	0	2.715779051	0	0	0	0	0	0	15.58113653	0	0	0	0	0
0	0	0	0	0	0	0	0	0	0	0	0	0	0	0	0	0	0	0	0	0	0	0	0	0	0	0	0	0	0	0	0	0	0	0	0	0	0	0	0	0	0	38.68937635	0	0	0	0	0	0	0
0	0	0	0	0	0	0	0	0	0	0	0	0	0	0	0	0	0	0	0	0	0	0	0	0	0	0	0	0	0	0	0	0	0	0	0	0	0	0	0	0	0	0	0	0	0	0	0	0	0
0	0	0	0	0	0	0	0	105.6583676	0	0	0	0	0	0	0	12.06910046	0	0	0	0	0	0	0	0	0	0	0	0	0	0	0	0	0	46.88457256	0	0	0	0	0	0	0	0	0	0	0	0	0	0	0
0	0	0	0	0	0	0	0	0	0	0	0	0	0	0	0	0	86.32529005	0	0	0	0	0	0	0	0	0	0	0	0	0	0	0	0	0	0	0	0	0	0	0	0	0	0	0	0	0	0	0	0
0	0	0	0	0	0	0	0	0	0	0	0	0	0	0	0	0	0	0	0	0	0	0	0	0	0	0	53.39379441	0	0	0	0	0	0	0	0	0	0	104.1510745	0	0	0	0	0	0	0	0	0	0	0
0	0	0	0	0	0	0	0	0	0	0	0	0	0	0	0	0	0	0	0	0	0	0	0	0	0	0	0	0	0	0	0	0	0	0	0	0	0	0	18.6476809	0	0	0	0	0	0	0	0	0	0
0	0	0	0	0	0	0	0	0	0	0	0	0	0	0	0	0	0	0	0	0	0	0	0	0	0	0	0	0	0	0	0	0	0	0	0	0	0	0	0	0	0	0	0	0	0	0	0	0	0
0	0	0	0	0	0	0	0	0	0	0	0	0	0	0	0	0	0	0	0	0	0	0	0	0	0	0	0	0	0	0	0	0	0	0	0	0	0	0	0	0	0	0	0	0	0	0	0	0	0
0	0	0	0	0	0	0	0	0	0	0	0	0	0	0	0	0	0	0	0	0	0	0	0	0	0	0	0	0	0	0	0	0	0	0	0	0	0	0	0	0	0	0	0	0	0	0	0	0	0
0	0	0	0	0	0	0	0	0	0	0	0	0	0	0	0	0	0	0	0	0	0	0	0	0	0	0	0	0	0	0	0	0	0	0	0	0	0	0	0	0	0	0	0	0	0	0	0	0	0
0	0	0	0	0	0	0	0	0	0	0	0	0	0	0	0	0	0	0	0	0	0	0	0	0	0	0	0	0	0	0	0	0	0	0	0	0	0	0	0	0	0	0	0	0	0	0	0	0	0
0	0	0	0	0	0	0	0	0	0	0	0	0	0	0	0	0	0	0	0	0	0	0	0	0	0	0	0	0	0	0	0	0	0	0	0	0	0	0	0	0	0	0	0	0	0	0	47.23258114	0	0
0	0	0	0	0	0	0	0	0	0	0	0	0	0	0	0	0	0	0	0	0	0	0	0	0	0	0	0	0	0	0	0	0	82.03992768	0	0	0	0	0	0	0	0	0	0	0	0	0	0	0	0
0	0	0	0	0	0	0	0	0	0	0	0	0	0	0	0	0	0	0	0	0	0	0	0	0	0	0	0	0	0	0	0	0	0	0	0	0	0	0	0	0	0	0	0	0	0	0	0	0	0
0	0	0	0	0	0	0	0	0	0	0	0	0	0	0	0	0	0	0	0	0	0	0	0	0	0	0	0	0	0	0	0	0	0	47.56918297	0	0	0	0	0	0	0	0	0	0	0	0	0	0	0
0	0	0	0	0	0	0	0	0	0	0	0	0	0	0	0	0	0	0	0	0	0	0	0	0	0	0	0	0	0	0	0	0	0	0	0	0	0	14.64349036	0	0	0	0	0	0	0	0	0	0	0
0	0	0	0	0	0	0	0	0	0	0	0	0	0	0	0	0	0	0	0	0	0	0	0	0	0	0	0	0	0	0	0	0	0	0	0	0	0	0	0	0	0	0	0	0	0	0	0	0	0
0	0	0	0	0	0	0	0	0	0	0	0	0	0	0	0	0	0	0	0	0	0	0	0	0	1.333063851	0	0	0	0	0	0	0	0	0	0	0	0	0	0	0	0	0	0	0	0	0	0	0	0
0	0	0	0	0	0	0	0	0	0	0	0	0	0	0	0	0	0	0	0	0	0	0	0	0	0	0	0	0	0	0	0	0	0	0	0	0	0	0	0	0	0	0	0	0	0	0	0	0	0
0	0	0	0	0	0	0	0	0	0	0	0	0	0	0	0	0	0	0	0	0	0	0	0	0	0	0	0	0	0	0	0	0	0	0	0	0	0	0	0	0	0	0	0	0	0	0	0	0	0
0	0	0	0	0	0	0	0	0	0	0	0	0	0	0	0	0	0	0	0	0	0	0	0	0	0	0	0	0	0	0	0	0	0	0	0	0	0	0	0	0	0	0	0	0	0	0	0	0	0
0	0	0	0	0	0	0	0	0	0	0	0	0	0	0	0	0	0	0	0	0	0	0	0	0	0	0	0	0	0	0	0	0	0	0	0	0	0	0	0	0	0	0	0	0	0	0	0	0	0
0	0	0	0	0	0	0	0	0	0	0	0	0	0	0	0	0	0	0	0	0	0	0	0	0	0	0	0	0	0	0	0	0	0	0	0	0	0	0	0	0	0	0	0	0	0	0	0	0	0
0	0	0	0	0	0	0	0	0	0	0	0	0	0	0	0	0	0	0	0	0	0	0	0	0	0	0	0	0	0	0	0	0	0	0	0	0	0	0	0	0	0	0	0	0	0	0	0	0	0
0	0	0	0	0	70.81159225	0	0	0	0	0	0	0	0	0	0	0	0	0	0	0	0	0	0	0	0	0	0	0	0	0	0	0	0	0	0	0	0	0	0	0	0	0	0	0	0	0	0	0	0
0	0	0	0	0	0	0	0	0	0	0	0	0	0	0	0	0	0	0	0	0	0	0	0	0	0	0	0	0	0	0	0	0	0	0	0	0	0	0	0	0	0	0	0	0	0	0	0	0	0
0	0	0	0	0	0	0	0	0	0	0	0	0	0	0	0	0	0	0	0	0	0	0	0	0	0	0	0	0	0	0	0	0	0	0	0	0	0	0	0	0	0	0	0	0	0	0	0	0	0
0	0	0	0	0	0	0	0	0	0	0	0	0	0	0	0	0	0	26.91028807	0	0	0	0	0	0	0	0	0	0	0	0	0	0	0	0	0	0	0	0	0	0	0	0	0	0	0	0	0	0	0
0	0	0	0	0	0	0	0	0	0	0	0	0	0	0	0	0	0	0	0	0	0	0	0	0	0	0	0	0	0	0	0	0	0	0	0	0	0	0	0	0	0	0	0	0	0	0	0	0	0
0	0	0	0	0	0	0	0	0	0	0	0	0	0	0	0	0	0	0	0	0	0	0	0	0	0	0	0	0	0	0	0	0	0	0	2.950278968	0	0	0	0	0	0	0	0	0	0	0	0	0	0
0	0	0	0	0	0	0	0	0	0	0	0	0	0	0	0	0	0	0	0	0	0	0	0	0	0	0	0	0	0	0	0	0	0	0	0	0	0	0	0	0	0	0	0	0	0	0	0	0	0
0	0	0	0	0	0	0	0	0	0	0	0	0	0	0	0	0	0	0	0	0	0	0	0	0	0	0	0	0	0	0	0	0	0	0	0	0	0	0	0	0	0	0	0	26.37733295	0	0	0	0	0
0	0	0	0	0	0	0	0	0	0	0	0	0	0	0	0	0	0	0	0	0	0	0	0	0	0	0	0	0	0	0	0	0	0	0	0	0	0	0	0	0	0	0	0	0	0	0	0	0	0
0	0	0	0	0	0	0	0	0	0	0	0	0	0	0	0	0	0	0	0	0	0	0	0	0	0	0	0	0	0	0	0	0	0	0	0	0	0	0	0	0	0	0	0	0	0	0	0	0	0
206.1294923	78.94389347	0	238.3290112	0	0	131.6721612	0	356.6512038	0	27.74981775	16.37759778	331.9250453	0	0	0	643.025166	0	0	0	0	0	0	0	0	0	0	0	0	0	0	0	33.71758236	0	0	0	0	0	0	0	0	0	0	0	0	0	0	0	0	0
0	0	32.07116516	0	0	0	0	0	0	260.25554	0	0	219.7691527	129.1137002	0	8.742414458	0	0	75.67340375	0	0	46.35501125	1039.186621	38.56442381	196.1337253	0	0	144.2992229	0	29.48890723	237.3137034	0	0	434.5176041	0	0	0	194.992449	89.70870306	0	276.9649093	188.7548898	0	0	0	0	0	0	0	0
24.02915597	0	212.3752701	0	0	0	496.6341059	0	0	44.98095782	0	0	0	0	0	0	0	89.37262059	0	173.6853297	0	0	0	0	0	0	338.8848694	0	0	0	216.513574	0	0	0	0	0	1.466962362	625.8360753	0	86.58546637	0	0	0	0	0	0	0	159.9617037	791.768013	0
0	0	0	0	0	0	0	0	0	0	0	0	67.3446886	0	0	0	0	0	0	116.2960997	0	0	106.9713815	0	0	0	0	4.084973836	0	0	0	0	0	0	0	117.4959826	88.58604971	0	0	0	0	0	0	0	155.2856844	184.5043721	0	0	0	0
0	0	0	0	0	0	0	0	0	0	0	0	0	0	0	30.61066577	0	0	0	0	0	0	0	0	30.69261913	0	0	0	0	0	0	0	0	0	0	0	0	0	32.82868103	0	0	0	31.72578531	0	0	0	0.691509914	0	75.61124755	0
0	0	0	0	0	0	0	0	0	0	0	0	0	0	0	0	0	0	0	0	0	0	0	0	0	0	0	0	0	0	0	0	0	0	0	0	0	0	0	0	0	0	0	0	0	0	0	0	0	0
0	0	0	0	0	0	0	10.41054088	0	0	0	0	0	0	0	0	0	0	0	0	0	0	0	0	0	0	0	0	0	0	0	0	0	0	0	0	0	0	0	0	0	0	0	0	0	0	0	0	0	0
0	0	0	0	0	0	0	0	0	0	0	0	0	0	0	0	0	0	0	0	0	0	621.9709076	0	0	0	0	0	0	0	0	0	0	0	0	0	0	0	0	0	0	0	0	0	0	0	0	0	0	0
0	0	0	0	0	0	0	0	0	0	0	0	0	0	0	0	0	0	0	0	0	0	1952.768857	0	0	0	0	0	0	0	0	0	0	0	0	0	0	0	0	0	0	0	0	0	0	0	0	0	0	0
0	0	0	0	0	0	0	0	0	0	0	0	0	0	0	0	0	0	0	0	0	0	0	0	0	0	0	0	0	0	0	0	0	0	0	0	0	0	0	0	0	0	0	0	0	0	0	0	0	0
0	0	0	0	0	0	0	0	0	0	0	0	0	0	0	0	0	0	0	0	0	0	0	0	0	0	0	0	0	0	0	0	0	0	0	0	0	0	0	0	0	0	0	0	0	0	0	0	0	0
0	0	0	0	0	0	0	0	0	0	0	0	0	0	0	0	0	0	0	0	0	0	0	0	0	0	0	0	0	0	0	0	0	0	0	0	0	0	0	0	0	0	0	0	0	0	0	0	0	0
0	0	0	0	0	0	0	0	0	0	0	0	0	0	0	0	0	0	0	0	0	0	0	0	0	0	0	0	0	0	0	0	0	0	0	0	0	0	0	0	0	0	0	0	0	0	0	0	0	0
0	0	0	0	0	0	0	0	0	0	0	0	0	0	0	0	0	0	0	0	0	0	0	0	0	0	0	0	0	0	0	0	0	0	0	0	0	0	0	0	0	0	0	0	0	0	0	0	0	0
0	0	0	0	0	0	0	0	0	0	0	0	0	0	0	0	0	0	0	0	0	0	0	0	0	0	0	0	0	0	0	0	0	0	0	0	0	0	0	0	0	0	0	0	0	0	0	0	0	0
0	0	0	0	0	515.8097321	0	0	0	1.799723132	0	0	0	0	0	0	0	0	0	0	0	0	0	0	0	0	0	0	209.0286974	0	0	0	0	0	0	0	0	0	0	0	0	0	0	0	0	0	222.3585554	0	0	0
0	0	0	0	0	0	0	0	0	0	0	0	0	0	0	0	0	0	0	0	0	0	0	0	0	0	0	0	0	0	0	0	0	0	0	0	0	0	0	0	0	0	0	0	0	0	0	0	0	0
0	0	0	0	0	293.4157209	0	0	0	0	0	0	0	0	0	0	0	0	0	0	0	0	0	0	0	0	0	0	0	0	0	0	0	0	0	0	0	0	0	0	0	0	0	0	0	0	0	0	0	0
0	0	0	0	0	0	0	0	0	0	0	0	0	0	0	0	0	0	0	0	0	0	0	0	0	0	0	0	0	0	0	0	0	0	0	0	0	0	0	0	0	0	0	0	0	0	0	0	0	0
0	0	0	0	0	0	0	0	0	0	0	0	0	0	0	0	0	0	0	0	0	0	0	0	0	0	0	0	0	0	0	0	0	0	0	0	0	0	0	0	0	0	0	0	0	0	0	0	0	0
0	0	0	0	0	0	0	0	0	0	0	0	0	0	0	0	0	0	0	0	0	0	0	0	0	0	0	0	0	0	0	0	0	20.96459789	0	0	0	0	0	0	0	0	0	0	0	0	0	0	137.2232795	0
0	0	0	0	0	48.50748	0	0	0	132.3487919	0	0	0	0	0	0	0	0	0	0	0	44.26909888	0	0	0	0	0	0	0	0	0	0	0	0	0	0	0	0	34.15356989	12.45621868	0	0	0	0	0	0	0	0	0	0
0	0	0	0	0	0	0	0	0	0	0	0	88.01419956	0	0	0	0	0	0	0	0	0	0	0	0	0	0	0	0	0	0	0	0	0	0	0	0	0	0	0	0	0	0	0	0	0	0	0	0	0
0	0	0	0	0	0	0	0	0	0	0	0	0	0	0	0	0	0	0	0	0	0	0	0	0	0	0	0	0	0	0	0	0	0	0	0	0	0	2.103581524	0	0	0	0	0	0	0	0	0	0	0
0	0	0	0	0	0	0	0	0	0	0	0	0	0	0	0	0	0	0	0	0	0	0	0	0	0	0	37.51831845	0	0	0	0	0	464.9630938	0	0	0	0	0	0	0	0	0	0	0	0	0	0	0	0
0	0	0	0	0	0	0	0	0	0	0	0	0	0	0	0	0	0	0	0	0	0	0	0	0	0	0	0	0	0	0	0	0	0	0	0	0	0	0	0	0	0	0	0	0	0	0	0	0	0
0	0	0	0	0	0	0	0	0	0	0	0	0	0	0	0	0	0	0	0	0	0	0	0	0	0	0	0	0	0	0	0	0	0	0	0	0	0	0	0	0	0	0	0	0	0	0	0	0	0
0	0	0	0	0	0	0	0	0	0	0	0	0	0	0	0	0	0	0	0	0	0	0	0	0	0	0	0	0	0	0	366.5644665	0	0	0	0	0	0	0	0	0	0	0	0	19.24795308	0	0	57.58736468	0	0
0	0	0	0	0	0	0	0	0	0	0	0	0	0	0	0	0	0	0	0	0	0	0	0	0	0	0	0	0	0	0	0	0	0	0	0	0	5.143408853	0	0	0	0	0	0	0	0	0	0	0	0
0	0	0	0	0	0	0	0	0	0	0	0	0	0	141.534017	0	0	0	0	0	0	0	0	0	0	0	0	0	0	0	0	0	0	0	0	0	0	0	0	0	55.64604434	0	0	0	0	0	0	0	0	0
0	0	0	0	0	0	0	0	0	0	0	0	0	0	0	0	93.36975727	0	0	0	0	0	0	0	0	0	0	0	0	0	0	0	0	0	0	0	0	0	0	0	0	0	0	0	0	0	0	0	0	0
0	0	0	0	0	0	0	0	0	0	0	0	0	0	0	0	0	0	0	0	0	0	0	0	0	0	0	0	0	0	0	0	187.6374797	0	0	0	0	0	0	0	0	0	0	0	0	0	0	0	0	0
0	0	0	0	0	0	0	0	188.1690658	0	0	0	0	0	0	0	0	0	0	0	0	0	0	0	59.5564933	0	0	0	0	0	0	0	0	0	0	0	0	17.11552728	0	0	0	0	0	0	0	0	0	0	0	0
0	0	94.14469339	0	0	0	0	0	0	0	0	0	0	0	0	0	0	0	0	0	0	0	0	0	0	0	0	0	0	0	0	0	0	0	0	0	0	0	0	0	0	0	0	57.03128417	0	0	0	0	0	0
0	0	0	0	0	0	0	0	0	0	0	0	0	0	0	0	0	0	0	0	0	0	0	0	0	0	0	0	0	0	0	0	0	0	0	0	0	0	0	0	0	0	0	0	0	2.352745456	196.9237681	0	0	0
0	0	0	0	0	0	0	0	0	0	0	0	0	0	0	0	0	0	0	0	0	0	0	0	0	0	0	0	0	0	0	0	0	0	0	0	0	0	0	106.5324353	0	0	0	0	0	0	0	0	14.20366484	0
0	0	0	0	0	0	0	0	0	0	0	0	0	0	0	0	0	0	0	0	0	0	0	0	0	0	0	0	0	0	0	0	0	0	0	0	0	0	0	0	0	0	0	0	0	0	0	0	0	0
0	0	0	0	0	0	0	0	0	0	0	0	0	0	0	0	0	0	0	0	0	0	0	0	0	0	0	0	0	0	0	0	0	0	0	0	0	0	0	0	0	0	0	0	0	0	0	0	0	0
0	0	0	0	0	0	0	0	0	0	0	0	0	0	0	0	0	0	0	0	0	0	0	0	0	0	0	0	0	0	0	0	0	0	0	0	0	0	0	0	0	0	0	0	0	0	0	0	0	0
0	0	0	0	0	0	0	0	0	0	0	0	0	0	0	0	0	0	0	0	0	0	0	0	0	0	0	0	0	0	0	0	0	0	0	0	0	0	0	0	0	0	0	0	0	0	0	0	0	0
0	0	0	0	0	0	0	0	0	0	0	0	0	0	0	0	0	0	0	0	0	0	0	0	0	0	0	0	0	0	0	0	0	0	0	0	0	0	0	0	0	0	0	0	0	0	0	0	0	0
0	0	0	0	0	0	0	0	0	0	0	0	0	0	0	0	0	0	0	0	0	0	0	0	0	0	0	0	0	0	0	0	0	0	0	0	0	0	0	0	0	0	0	0	0	0	0	0	0	0
0	0	0	0	0	0	0	0	0	0	0	0	0	0	0	0	0	0	0	0	0	0	0	0	0	0	0	0	0	0	0	0	0	0	0	0	0	0	0	0	0	0	0	0	0	0	0	0	0	0
0	0	0	0	0	0	0	0	0	0	0	0	0	0	0	0	0	0	0	0	0	0	0	0	0	0	0	0	0	0	0	0	0	0	0	0	0	0	0	0	0	0	0	0	0	0	0	0	0	0
0	0	0	0	0	0	0	0	0	0	0	0	0	0	0	0	0	0	0	0	0	0	0	0	0	0	0	0	0	0	0	0	0	0	0	0	0	0	0	0	0	0	0	0	0	0	0	0	0	0
0	0	0	0	0	0	0	0	0	0	0	0	0	0	0	0	0	0	0	0	46.26622656	0	0	0	0	0	0	0	0	0	0	0	0	0	0	0	0	0	0	0	0	0	0	0	0	0	0	0	0	0
0	0	0	0	0	0	0	0	0	0	0	0	0	0	0	0	0	0	0	0	0	0	0	0	0	0	0	0	0	0	0	0	0	0	0	0	0	0	0	0	0	0	0	0	0	0	0	0	0	0
0	0	0	0	0	0	0	0	0	0	0	0	0	0	0	20.2115691	0	0	0	0	0	0	0	0	0	0	0	0	0	0	0	0	0	0	0	0	0	0	0	0	0	0	0	0	0	0	0	0	0	0
0	0	0	0	0	0	0	0	0	0	0	0	0	0	0	0	0	0	0	0	0	0	0	0	0	0	0	0	0	0	0	0	0	0	0	0	0	0	0	0	0	0	0	0	0	0	0	0	0	0
0	0	0	0	0	0	0	0	0	0	0	0	0	0	0	0	0	0	0	0	0	0	0	0	0	0	0	0	0	0	0	0	0	0	0	0	0	0	0	0	0	95.62652643	0	0	0	0	0	0	0	0
64.40841654	0	0	157.1076413	0	0	0	0	0	0	0	238.986631	0	0	0	0	0	0	0	0	0	0	0	0	0	0	0	0	0	0	0	0	0	0	0	0	0	0	0	0	0	0	0	0	0	0	0	0	0	0
83.38910765	0	0	0	0	0	0	0	0	38.31655247	0	165.1869512	472.9451589	89.45270938	0	0	0	0	0	0	0	0	5000	131.0038154	173.7094776	0	0	270.5404877	0	95.7963154	6.599275565	21.42029763	0	168.9325201	0	0	0	4.02154597	0	0	79.89681203	0	0	62.83065973	0	0	0	0	0	0
184.2085055	0	548.2386729	0	0	0	575.3614496	0	266.862335	49.51514264	0	0	0	0	0	165.5546558	0	316.0620232	0	0	0	0	0	163.0596488	0	466.6433364	301.6236952	0	134.0933958	204.6675068	186.3579729	393.8316633	0	13.02879071	0	0	0	639.24991	0	0	0	0	0	0	0	0	0	0	1146.86152	193.0427715
0	0	0	113.3165182	0	0	0	29.98593939	0	0	348.1879448	0	251.9623948	0	0	0	45.1078456	0	134.670194	243.6939616	0	0	868.5139093	0	0	0	0	189.3445611	0	121.1926272	0	0	0	0	0	229.1027102	71.7452835	0	0	0	0	0	607.2525281	0	437.9168901	533.2971022	0	0	0	0
0	0	0	0	0	0	0	0	143.8407833	0	0	0	0	0	0.204360518	318.3233043	0	0	0	0	0	0	0	0	414.959437	0	0	0	0	0	0	0	0	113.617311	0	0	0	0	9.754544891	0	471.318711	0	295.4847867	0	0	0	294.8894582	18.43481655	0	0
0	0	0	0	0	0	0	0	0	0	0	0	0	0	0	0	0	0	0	0	0	0	0	0	0	0	0	0	0	0	0	0	92.49647136	0	0	0	0	0	0	0	0	0	0	0	0	0	0	0	0	0
0	0	0	0	0	0	0	74.9010062	0	0	0	0	0	0	0	0	0	0	0	0	0	109.9621838	0	0	0	0	0	0	0	0	0	0	0	0	0	0	0	0	0	0	0	0	0	0	0	0	0	0	0	0
0	0	0	0	0	0	0	0	0	0	0	0	0	0	0	0	0	0	0	0	0	0	776.8806093	0	0	0	0	0	0	0	0	0	0	0	0	0	0	0	0	0	0	0	0	0	0	0	0	0	0	0
0	0	0	0	0	0	0	0	0	0	0	0	0	0	0	0	0	0	0	0	0	0	5000	338.3404978	0	0	0	0	0	0	0	0	0	0	0	0	0	0	0	0	0	0	0	0	0	0	0	0	0	0
0	0	0	14.35135782	35.96460974	0	0	0	0	0	0	0	0	0	0	0	0	0	0	0	0	0	0	0	0	0	0	0	0	0	0	0	0	0	0	0	0	0	0	0	0	0	0	0	0	0	0	0	0	0
0	0	0	0	0	0	0	0	0	0	0	0	0	0	0	0	0	0	0	0	0	0	0	0	0	0	0	0	0	0	0	0	0	0	0	0	0	0	0	0	0	0	0	0	0	0	0	0	0	0
0	0	0	0	0	0	0	0	0	0	0	0	0	0	0	0	0	0	0	0	0	0	0	0	0	0	0	0	0	0	0	0	0	0	0	0	0	0	0	0	0	0	0	0	0	0	0	0	0	0
0	0	0	0	0	0	0	0	0	0	0	0	0	0	0	0	0	0	0	0	0	0	0	0	0	0	0	0	0	0	0	0	0	0	0	0	0	0	0	0	0	0	0	0	0	0	0	0	0	0
0	0	0	0	0	0	0	0	0	0	0	0	0	0	0	0	0	0	0	0	0	0	0	0	0	0	0	0	0	0	0	0	0	0	0	0	0	0	0	0	0	0	0	0	0	0	0	0	0	0
0	0	0	0	0	0	0	0	0	0	0	0	0	0	0	0	0	0	0	0	0	0	0	0	0	0	0	0	0	0	268.6189793	0	0	0	0	0	0	0	0	0	0	0	0	0	0	0	0	0	0	0
0	0	0	82.12554685	0	679.2157385	0	0	0	0	20.15843981	0	0	0	0	0	0	0	0	0	0	0	0	0	0	0	0	0	261.4250381	0	0	0	0	0	0	0	0	0	0	0	0	0	0	0	0	0	0	0	0	0
0	0	0	0	0	0	0	0	0	0	0	0	0	0	0	0	0	0	0	0	0	0	0	0	0	0	0	0	0	0	0	0	0	0	0	0	0	0	46.76000078	0	0	0	0	0	0	0	0	0	0	0
0	0	0	0	0	340.6225396	0	0	0	0	0	0	0	0	0	0	0	0	0	0	0	0	0	0	0	0	0	0	0	0	0	0	0	0	0	0	0	0	0	0	0	0	0	0	0	0	0	0	0	0
0	0	0	0	0	0	0	0	0	0	19.67060442	0	0	0	0	0	0	0	0	0	0	0	0	0	0	0	0	0	0	0	0	0	0	0	0	0	0	0	0	0	0	0	0	0	0	0	0	0	0	0
0	0	0	0	0	0	0	0	0	0	0	0	0	0	0	24.81863551	0	0	0	0	0	0	0	0	0	0	0	0	0	0	0	0	0	0	0	0	0	0	0	0	0	0	9.574954586	20.45643921	0	0	0	0	0	0
0	0	0	0	0	0	0	0	0	0	0	0	0	0	0	0	0	0	0	0	0	0	0	0	0	0	0	0	0	0	0	0	0	0	0	0	0	0	0	0	0	0	0	0	0	0	0	0	386.0993759	0
0	0	0	0	0	142.8104344	0	0	0	0	0	0	0	0	0	0	0	0	0	0	0	105.864277	0	0	0	0	47.07545444	0	0	0	161.4790353	0	0	0	0	0	0	0	298.4482888	39.19052965	0	0	0	0	361.3180397	0	0	0	0	0
0	0	0	0	0	0	0	0	0	0	0	0	184.4212556	0	103.1158538	0	0	0	0	0	0	35.25170635	0	425.622628	128.6190978	82.12640584	0	0	323.0375897	428.1217175	0	128.0614073	0	0	0	0	0	0	0	0	0	0	0	0	0	0	99.10728549	0	0	0
0	0	0	0	0	0	0	0	0	0	0	0	0	0	0	0	0	0	0	0	0	0	0	0	0	132.5019943	39.08887353	0	0	0	0	0	0	0	0	0	0	0	0	0	0	0	0	0	0	0	0	0	0	0
0	0	0	0	0	0	0	0	0	0	0	0	0	0	0	0	0	0	0	0	0	0	0	466.2471934	5000	5000	707.2492993	1961.825752	276.8207597	1615.261039	0	0	0	688.8428761	0	0	0	0	0	0	9.363692678	0	0	0	45.96078167	0	0	0	0	0
0	0	0	0	0	0	10.88179669	0	0	0	0	120.4604407	0	0	0	0	0	0	0	0	99.46911628	0	0	225.7862107	1387.328506	5000	180.9726056	0	0	0	0	0	0	0	0	0	0	0	0	0	0	0	0	0	0	0	0	203.1124438	0	0
0	0	0	0	0	0	0	0	0	0	0	0	0	0	0	0	0	0	0	0	0	0	51.68267136	63.46985798	627.7099189	258.8960717	0	0	141.4483307	73.65886047	57.16364735	0	0	0	0	0	0	0	0	0	0	0	0	0	0	0	0	0	0	0
0	0	0	0	0	0	0	0	0	0	0	0	0	113.6169455	0	0	0	0	0	0	0	18.18223452	0	20.89419574	13.57243236	0	60.85363014	0	0	0	0	1164.642385	0	6.278737703	0	0	0	0	0	0	0	0	0	0	327.7104649	0	0	278.2385757	0	0
0	0	0	0	0	0	0	0	0	0	0	0	0	66.81215747	0	0	0	0	0	0	0	0	0	0	0	0	0	0	0	0	0	0	0	0	0	0	0	0	0	0	0	0	0	0	0	0	0	0	0	0
0	0	0	0	0	0	0	0	0	0	0	0	0	0	0	0	0	0	0	0	0	0	0	0	0	0	0	0	0	0	0	0	0	0	0	0	0	0	0	0	100.6466189	0	0	0	0	0	10.5212007	0	0	0
0	0	0	0	0	0	0	0	0	0	0	0	0	0	0	0	448.7320123	0	0	0	0	0	0	0	0	0	0	0	0	0	0	0	0	0	0	0	0	0	0	0	0	0	0	0	0	0	0	0	0	0
0	0	0	0	0	0	0	0	0	0	0	0	0	0	0	0	0	0	0	0	0	0	0	0	0	0	0	0	99.38799108	13.34606701	0	0	673.0119124	0	0	0	0	0	3.437807281	0	0	0	0	0	0	0	0	0	0	0
0	0	0	0	0	0	0	0	107.447174	0	0	0	0	0	0	0	0	0	0	0	0	0	0	0	88.24490877	0	0	0	0	0	0	0	0	0	0	0	0	0	0	0	0	0	0	0	0	0	0	0	0	0
0	0	0	0	0	0	0	0	0	0	0	0	0	0	0	0	0	0	0	0	0	0	0	0	0	0	0	0	0	0	0	0	0	0	0	0	0	0	0	0	50.81188412	0	0	252.5928771	0	0	0	0	0	0
0	0	0	0	0	0	0	0	0	0	0	0	0	0	0	0	0	0	0	0	0	0	0	0	0	0	0	0	0	0	0	0	0	308.5952152	27.766796	0	0	0	0	0	0	0	0	0	0	315.5609753	0	0	0	0
0	0	0	0	0	0	0	0	0	0	0	0	0	0	0	0	60.54583105	0	0	0	0	0	0	0	0	0	0	0	0	0	0	0	0	0	0	0	0	0	0	0.696647035	0	0	0	0	0	0	0	0	0	0
0	0	0	0	0	0	0	0	0	0	0	0	0	0	0	0	0	0	0	0	0	0	0	0	0	0	0	0	0	0	0	0	0	0	0	0	0	0	0	0	0	0	0	0	0	0	0	0	0	0
0	0	0	0	0	0	0	0	0	0	0	0	0	0	0	0	0	0	0	0	0	0	0	0	0	0	0	0	0	0	0	0	0	0	0	0	0	0	0	0	0	0	0	0	0	0	0	0	0	0
0	0	0	0	0	0	0	0	0	0	0	0	0	0	0	0	0	0	0	0	0	0	0	0	0	0	0	0	0	0	0	0	0	0	0	0	0	0	0	0	0	0	0	0	0	0	0	0	0	0
0	0	0	0	0	0	0	0	0	0	0	0	0	0	0	58.11215736	0	0	0	0	0	0	0	0	0	0	0	0	0	0	0	0	0	0	0	0	0	0	0	0	0	0	0	0	0	0	0	39.1296017	0	0
0	0	0	0	0	0	0	0	0	0	0	0	0	0	0	0	0	0	0	0	0	0	0	0	0	0	0	0	0	0	0	0	0	0	0	0	0	0	0	0	0	0	0	0	0	0	0	0	0	0
0	0	0	0	0	0	0	0	0	0	0	0	30.32856244	0	0	0	0	0	0	0	0	0	0	0	0	0	0	0	0	0	27.66713266	0	0	0	0	0	0	0	0	0	0	0	0	0	0	0	0	0	0	0
0	0	0	0	0	0	0	0	0	0	0	0	0	0	0	0	0	0	0	0	0	0	0	0	0	0	0	0	0	0	0	0	0	0	0	0	0	0	0	0	0	0	0	0	0	0	0	0	0	0
0	0	0	0	0	0	0	0	0	0	0	0	0	0	0	0	0	0	0	0	0	0	0	0	0	0	0	0	0	0	0	0	0	0	0	0	0	0	0	0	0	0	0	0	0	0	0	0	0	0
0	0	0	0	0	0	0	0	0	0	0	0	0	0	0	0	0	0	0	0	0	0	0	0	0	0	0	0	0	0	0	0	0	0	0	0	0	0	0	0	0	0	0	0	0	0	0	0	0	0
0	0	0	0	0	0	0	0	0	0	0	0	0	0	0	0	0	0	0	0	0	0	0	0	0	0	0	0	0	0	0	0	0	0	0	0	0	0	0	0	0	0	0	0	0	0	0	0	0	0
0	0	0	0	0	0	0	0	0	0	0	0	0	0	0	0	0	0	0	0	0	0	0	0	0	0	0	0	0	0	0	0	0	0	0	0	0	0	0	0	0	0	0	0	0	0	0	0	0	0
0	0	0	0	0	0	0	0	0	0	0	0	0	20.6116705	0	193.0236342	0	0	0	0	0	0	0	0	0	0	0	0	0	0	0	0	0	0	0	0	0	0	0	0	0	0	0	0	0	0	0	0	0	0
0	0	0	0	0	0	0	0	0	0	0	0	0	0	0	0	0	0	0	0	0	0	0	54.04575818	0	0	0	0	0	0	0	0	0	0	0	0	0	0	0	0	0	0	0	0	0	0	0	0	0	0
0	0	0	0	0	0	0	0	0	0	0	0	0	0	0	0	0	0	0	0	0	0	0	0	0	0	0	0	0	0	0	0	0	0	0	0	0	0	0	0	0	549.7690345	0	0	0	0	0	0	0	0
103.3472395	0	139.3791656	198.0826692	156.1045196	123.1091805	0	0	340.6817657	0	233.5423846	918.8430496	121.8223056	0	0	0	58.43973516	0	0	0	76.66353015	0	0	0	0	0	0	0	165.7279202	0	0	0	0	0	0	0	0	15.24763031	0	0	0	0	0	0	25.38793167	0	13.9481682	94.74875783	0	0
136.3989468	57.52800308	222.8507105	0	9.419324255	298.4933589	0	123.4246172	607.9314201	237.0439066	0	290.1977781	1315.717945	0	625.4862309	147.2913223	77.70261256	27.84874746	124.8994132	0	0	289.7157252	5000	369.0779878	888.6670273	22.45807752	0	1806.602674	0	314.3940076	180.577871	513.6175455	246.1797541	867.6182868	306.7994921	0	368.8137241	789.7653488	853.6525424	19.68526076	456.5380593	0	0	622.8755512	113.2514505	60.82453877	0	0	272.6043166	0
189.6003504	210.0788933	834.5273327	174.5966988	0	0	2656.889737	0	293.6995699	556.2975543	101.8674454	0	0	0	722.320558	282.5014162	0	528.4525945	0	245.5832892	269.8208449	0	0	214.0433235	0	478.3696267	927.238325	0	643.2790033	186.6965133	521.8690489	515.2789652	0	466.5421424	0	411.3374826	0	1206.981521	0	968.5679833	0	110.1204403	0	0	377.1110698	122.0910275	0	254.7521764	5000	591.4187417
12.82257693	0	0	313.1935969	0	0	0	221.2330023	0	0	377.6504133	0	857.7181092	0	0	0	310.6351217	0	94.44659535	343.9379022	217.0777645	0	5000	119.9850963	0	0	0	286.6025453	0	283.3257877	0	94.45160528	0	0	63.67358384	833.7742238	415.2626311	0	0	43.85942626	24.0767675	0	507.7458624	440.4707297	302.8681582	1186.694494	258.3237252	0	0	33.9148458
0	0	0	0	0	0	0	275.1665601	134.7866486	0	0	0	0	0	380.156085	796.8607158	178.1481474	176.7380819	0	0	179.4476999	0	0	0	736.5329627	213.3991075	0	161.9674661	0	0	0	0	0	209.2536682	0	341.5563897	0	0	378.7523174	0	832.9019746	0	437.110383	0	0	0	825.18456	175.047173	29.47303684	0
0	0	0	0	0	0	0	0	0	0	0	0	0	0	0	0	0	0	0	0	0	0	130.1563504	0	62.9754113	0	0	0	0	0	144.6885396	0	517.7282374	0	0	0	54.85819605	0	0	6.072711948	0	0	0	123.9419558	0	0	0	0	0	0
0	0	0	0	139.795389	0	0	123.0452207	0	0	0	0	0	0	68.55133944	0	0	0	0	0	0	217.5154061	0	0	0	0	0	0	0	0	0	0	0	0	24.45609123	0	0	0	0	0	0	0	0	0	0	0	0	0	0	115.6335641
0	0	0	0	0	0	0	0	0	0	0	0	0	0	0	0	0	0	0	0	0	0	1345.822629	0	0	0	0	0	0	0	0	0	0	0	0	0	0	0	0	0	0	0	0	131.2622928	3.214825878	0	0	0	0	0
0	0	0	0	0	0	0	0	0	0	0	0	0	0	0	0	0	0	0	0	0	0	5000	1141.045229	0	0	0	0	0	0	0	0	0	0	0	0	0	0	0	0	0	0	0	0	0	0	0	0	0	0
0	0	0	184.0691125	0	0	0	24.80899396	0	0	0	0	0	0	0	128.8045409	0	0	0	0	0	0	0	248.0288649	0	0	0	0	0	0	0	0	0	0	0	0	0	0	0	0	0	0	0	0	0	0	0	0	0	0
0	0	0	0	0	0	0	0	0	0	0	0	0	0	0	0	0	0	0	0	0	0	0	0	0	0	0	0	0	0	0	0	0	0	0	0	0	0	0	0	0	0	0	0	0	0	0	0	0	0
0	0	0	0	0	0	0	0	0	0	0	0	0	0	0	0	0	0	0	0	0	0	0	0	0	0	0	0	0	0	0	0	0	0	0	0	0	0	0	0	0	0	0	0	0	0	43.56315299	0	0	0
30.54489476	0	0	0	0	0	0	0	0	0	0	0	0	0	0	0	73.56809495	0	0	0	0	0	0	0	0	0	0	0	0	75.22428849	0	0	0	0	0	0	0	0	0	0	0	0	0	0	0	0	0	0	0	0
0	0	0	0	0	0	0	333.1025783	0	0	0	0	0	0	0	0	0	0	0	0	0	0	0	0	0	0	0	0	0	0	0	0	0	0	0	0	0	0	0	0	0	0	0	0	0	0	12.4943352	0	0	0
310.7750038	0	174.3888208	0	0	0	0	0	0	0	0	0	48.3001359	0	0	0	0	57.13655119	0	0	156.7503162	0	0	0	0	0	0	0	0	0	571.4351812	0	345.0146832	0	0	0	0	0	0	0	0	0	0	0	0	0	0	0	0	0
0	0	0	285.1339377	0	780.759344	0	0	0	0	60.30744291	0	0	0	0	0	0	0	0	0	0	0	0	0	0	0	0	0	805.0972074	233.2379137	0	0	0	0	102.2613438	0	267.1451453	0	0	0	0	0	91.00188813	0	27.68671	0	534.6261323	0	0	111.4066815
0	0	0	0	0	0	0	0	3.463561858	0	0	0	0	0	0	0	0	0	0	0	0	0	0	0	53.40450601	0	0	0	0	0	0	0	0	0	0	0	0	0	0	18.91250401	0	0	0	0	0	0	0	0	0	0
0	0	0	0	0	1160.775	0	0	0	0	0	0	0	0	0	0	0	0	0	0	0	0	0	0	0	0	0	0	32.50958774	0	0	0	0	0	0	0	77.68996185	0	0	0	0	0	0	0	0	0	0	0	0	0
0	0	173.5643635	0	0	0	0	0	0	0	126.4408034	0	0	0	0	0	0	0	0	0	0	0	0	0	0	16.32622878	0	63.85356888	0	236.1837092	0	0	0	0	0	0	0	0	0	0	0	0	0	0	0	0	0	0	0	0
0	0	0	0	0	0	0	0	0	0	0	0	0	0	0	0	0	0	173.6219007	0	228.4947076	0	0	0	144.716342	0	132.9274608	0	302.1763423	66.04788262	0	0	0	0	0	0	0	0	0	0	0	0	236.1159393	142.1715881	0	0	0	0	0	0
0	0	0	0	0	0	0	0	0	0	0	0	0	0	0	0	0	0	0	51.28671824	0	0	0	0	52.51865197	0	0	0	145.9845755	0	0	47.72711843	0	342.1882201	0	0	0	0	0	0	0	0	0	0	0	0	0	0	475.2144531	0
0	0	0	0	0	203.7555138	0	0	0	0	0	0	142.0699006	0	0	0	0	0	0	0	0	536.9696278	0	0	0	0	548.4097367	0	0	0	322.1097461	0	0	0	0	0	0	0	682.0996052	251.1691071	26.80808133	0	0	0	1450.136241	0	0	0	0	0
0	0	0	0	0	0	0	0	0	0	0	0	283.2923558	0	271.1467943	0	0	0	0	0	0	301.5323105	80.22445997	599.7831254	0	7.195572962	0	0	633.7584849	488.4154606	0	201.7165848	0	0	143.897297	0	0	0	0	0	0	0	0	0	0	0	433.9667899	0	0	0
0	0	0	0	0	0	0	206.8536835	0	0	0	0	0	0	0	0	59.56091106	0	0	0	0	0	0	0	158.5907072	290.5241159	98.27552494	0	0	0	48.29161009	0	0	0	0	0	0	0	192.0365068	0	0	0	272.0627636	0	0	0	0	0	0	0
0	0	0	0	0	0	0	0	0	0	0	0	0	0	0	0	0	0	0	0	11.85808381	0	0	361.6220854	5000	5000	838.4752106	1324.0502	406.7529155	1512.190396	278.3320491	86.96322266	0	4187.594027	321.9066984	0	0	0	0	0	199.5330988	393.2143303	0	0	0	46.26590417	0	0	0	0
0	0	0	0	0	0	252.332898	0	0	0	0	78.97104231	0	0	0	0	0	0	0	0	482.4938543	0	327.9052983	0	5000	5000	214.2490998	0	264.4444358	0	370.4896471	0	0	0	0	0	0	0	0	0	0	0	0	0	0	0	0	311.4582263	0	0
0	0	0	0	0	0	0	0	0	55.49988934	0	0	0	0	0	257.5420922	29.8047386	0	0	0	0	0	282.6679222	125.0674519	892.1691042	120.0311891	0	0	162.3835537	109.0251745	385.0252208	0	0	0	0	1.859958333	0	0	0	0	0	0	0	0	0	0	0	0	0	0
0	0	0	0	0	0	0	0	0	0	0	0	0	237.3614264	0	0	0	0	0	0	0	264.9742504	0	326.6580243	210.0722762	0	121.5185329	0	0	0	0	1241.891168	0	194.2405253	0	0	0	24.92017484	74.9408585	0	0	0	0	0	556.8584209	0	0	333.1006308	73.95448809	0
0	0	0	226.5207519	0	0	0	0	0	0	0	0	0	145.0523682	0	0	0	0	0	0	0	0	121.1077138	0	0	76.82675756	0	0	0	0	0	0	0	0	0	0	0	0	0	0	0	0	0	0	0	0	0	0	0	0
0	0	18.14879193	0	0	0	0	0	0	0	0	0	0	0	94.97725412	0	0	0	104.4936783	103.659585	0	11.98146529	0	0	0	0	220.2583357	0	0	0	0	0	0	0	0	0	0	0	0	0	273.7271582	0	0	0	0	0	338.060799	0	0	0
0	0	0	96.53480971	0	312.9681927	0	0	0	0	0	0	0	0	0	0	366.5197341	0	0	0	0	0	0	0	0	0	0	123.7022153	0	124.3279337	38.11529369	0	0	0	0	0	0	0	0	8.325255276	0	0	39.60397677	0	0	0	0	0	4.048434956	0
0	0	0	0	0	0	0	0	0	0	0	0	0	80.5953475	0	0	0	0	0	0	266.0929077	0	0	0	0	0	0	0	690.4584779	187.8069974	0	0	979.392726	0	0	0	0	0	127.751835	0	0	0	0	0	0	0	0	0	0	0
0	0	0	0	0	53.34367214	0	0	544.9424905	0	0	0	0	0	0	0	7.266975213	0	0	0	0	0	99.8164936	0	491.0864036	0	59.69113825	0	0	0	0	0	0	0	0	0	0	0	0	0	0	0	0	0	0	0	0	0	0	0
0	0	233.9920869	0	0	0	0	0	0	0	0	0	0	0	0	0	0	0	0	0	0	0	0	0	0	0	0	0	0	0	0	0	0	0	0	81.23874437	0	0	0	0	87.17089024	0	0	744.7254796	0	0	0	0	0	0
0	0	0	0	0	0	0	179.6875108	0	0	0	0	0	0	0	81.4216251	0	0	0	0	0	0	0	0	0	0	0	0	0	0	0	0	0	129.7688831	194.0879977	0	0	0	0	0	0	0	0	0	0	319.979678	57.4560318	0	0	0
0	73.95502418	0	0	0	0	0	0	0	0	0	0	0	0	0	0	15.07559615	0	0	0	0	0	0	0	0	0	0	0	0	0	0	0	0	0	0	0	0	0	0	186.0768484	0	0	0	0	0	0	0	0	249.1389127	0
0	0	0	0	0	0	0	0	127.1108047	0	0	0	0	0	0	0	0	0	0	0	64.68957105	0	0	0	0	0	0	0	0	0	33.67807945	0	0	0	0	0	0	0	0	0	0	0	0	0	0	0	0	0	0	0
0	0	0	304.4975984	0	0	0	0	0	0	0	0	0	0	0	0	0	0	0	0	0	0	0	0	0	0	0	0	0	0	0	0	0	0	0	0	0	0	0	0	0	0	0	0	0	0	0	0	0	0
0	0	137.8189651	0	0	0	0	0	0	0	0	0	0	0	0	0	0	223.9338095	0	0	0	0	0	0	0	0	0	0	0	0	0	0	0	0	0	0	0	0	0	0	0	0	0	0	0	50.00519934	0	0	0	0
110.6756686	0	0	0	0	0	0	0	0	0	0	0	0	0	0	0	0	0	0	0	0	0	0	0	0	0	0	0	0	0	0	0	0	0	0	0	0	0	0	0	0	0	0	0	0	0	0	134.4941015	0	0
0	0	0	0	0	0	0	0	0	0	0	0	0	0	0	0	0	0	0	0	0	0	0	0	0	0	0	0	115.8484336	0	0	0	0	0	0	0	0	0	0	0	0	0	0	0	0	0	0	0	0	0
0	0	0	0	0	0	0	0	0	0	0	0	94.10540283	0	0	0	0	0	0	0	0	0	0	0	0	0	0	0	0	0	109.2023511	0	0	0	0	0	0	0	0	0	0	0	0	0	0	0	0	0	0	0
0	0	0	0	0	0	74.71663983	0	0	0	0	0	0	0	0	0	0	0	0	0	0	0	0	0	0	0	0	0	0	0	0	0	0	0	0	0	0	0	0	0	0	0	0	0	0	0	0	0	0	0
0	0	0	0	0	0	0	0	0	0	0	0	0	0	0	0	0	0	0	0	0	0	0	0	0	0	0	0	0	0	0	0	0	0	0	0	0	0	0	0	0	0	0	0	0	0	0	0	0	0
0	0	0	0	0	0	0	0	0	0	0	0	0	0	0	0	0	0	0	0	0	0	0	0	0	0	0	0	0	0	0	0	0	0	0	0	0	0	0	0	0	0	0	0	0	0	0	0	0	0
0	0	0	0	0	0	0	0	0	0	0	0	0	0	0	0	0	0	0	0	0	0	0	0	0	0	0	0	0	0	0	0	0	0	202.8006378	0	0	0	0	0	0	0	0	0	0	0	0	0	0	0
0	0	0	0	89.98720707	0	0	81.90343662	0	0	0	0	0	0	0	0	0	0	0	0	0	0	0	0	0	0	0	0	0	0	0	0	0	0	0	0	0	0	0	0	0	0	0	0	0	0	0	0	0	0
0	0	0	0	0	0	0	0	0	0	0	0	0	154.5240692	0	322.3869166	0	0	0	0	0	0	0	0	0	0	0	0	0	0	0	0	0	0	0	0	0	0	0	0	0	0	0	0	0	0	0	0	56.78178122	0
0	0	0	0	0	0	0	0	0	0	0	0	0	0	0	0	0	0	141.009718	0	0	0	0	88.4575961	0	0	0	0	0	0	0	0	0	0	0	0	0	0	0	0	0	0	0	0	0	0	0	0	0	0
0	0	0	0	0	0	0	0	0	0	0	0	0	0	0	0	0	0	0	0	0	0	0	0	122.161641	0	0	0	0	0	0	0	0	0	0	0	0	0	0	0	0	789.1505412	0	0	0	0	0	0	0	0
245.8527983	254.8998424	0	186.8542811	0	12.22524354	0	0	0	0	140.9687799	604.9035691	130.4864194	0	0	0	0	0	0	0	0	0	0	0	0	0	0	0	0	0	0	0	0	0	0	116.6447151	0	0	0	0	0	0	0	45.95465698	0	0	0	0	0	0
65.69211428	0	493.1356641	136.3948513	0	169.7004417	0	29.69985184	0	0	0	302.259841	708.23557	233.7015465	0	0	0	0	0	0	0	258.4954893	5000	128.4226695	840.6440138	270.2204534	0	560.9826384	0	397.3603841	333.9422831	71.13634836	466.9892643	401.8758849	98.45501373	0	109.0150865	562.9879987	470.6527834	81.60518139	186.2994823	295.7950495	101.3331757	793.7994481	196.6278853	0	0	0	0	0
752.54309	0	404.3871211	446.5504615	0	0	1798.992307	0	222.6084109	539.657775	172.2190888	0	0	0	304.0967485	267.9797722	0	899.8388405	0	76.27055164	16.37133368	0	0	323.2746634	194.7360553	647.7054993	1021.92484	0	900.886856	423.4841701	702.6749147	826.5359686	0	231.0045954	0	213.6879562	190.4519097	1826.690342	0	425.6740711	0	0	0	0	460.1783539	31.65010392	0	0	5000	336.7016928
0	0	0	265.731364	0	0	0	175.4213872	0	0	641.7565654	0	498.6588753	0	0	0	186.0506579	0	0	250.3010043	32.0073903	0	5000	0	0	0	94.20778792	343.483376	0	270.0321856	0	110.0072681	0	0	238.0133399	685.5437865	556.0402479	0	0	79.51783617	0	0	813.4444664	430.0126604	123.3070519	1465.293553	150.4313428	94.8741426	0	0
0	0	0	0	0	0	0	209.2512016	263.7583224	0	0	0	0	0	186.8265644	343.8069227	343.2811631	44.88348823	0	0	0	0	0	0	434.0189386	14.47017247	0	125.4331449	0	0	88.41361286	0	0	280.6028624	0	102.464829	0	0	234.1006493	0	1701.838406	0	363.1433699	0	0	0	736.9232894	97.35712214	0	0
0	0	0	0	0	0	0	0	0	0	0	0	0	88.02533637	0	0	0	0	0	0	0	0	86.020339	0	102.7574159	0	0	0	109.5529424	37.23941465	0	0	299.452816	0	0	0	0	0	0	0	0	0	0	57.8081513	0	0	0	0	0	56.78300365
0	0	0	0	0	0	0	88.36900531	0	0	0	0	0	0	0	0	0	69.28303123	0	0	0	13.70705739	0	0	0	0	0	0	0	0	0	0	0	0	0	0	0	27.04678694	0	0	0	0	0	0	0	0	0	0	0	0
0	0	0	0	0	0	0	0	0	0	0	0	0	0	0	0	0	0	0	0	0	0	502.0027184	0	0	0	0	0	50.00394909	0	0	0	0	0	0	0	0	0	0	0	0	0	0	175.2983493	0	0	0	0	0	0
0	0	0	0	0	0	0	0	0	0	0	0	0	0	0	0	0	0	0	0	0	0	2706.827826	204.2897349	0	0	0	0	0	0	0	0	0	0	0	0	0	0	0	0	0	0	0	0	0	0	0	0	0	0
0	0	0	26.81482326	0	0	0	0	0	0	0	0	0	0	0	0	0	0	0	0	0	0	0	762.3875599	0	0	0	0	0	0	0	0	0	0	0	0	0	0	0	0	0	0	0	0	0	0	0	0	0	0
0	0	0	0	0	0	0	0	0	0	0	0	0	0	0	0	0	0	0	0	0	0	0	0	0	0	0	0	0	0	0	0	0	0	0	0	0	0	0	0	0	0	0	0	0	0	0	0	0	0
0	0	0	0	0	0	0	0	0	0	0	0	0	0	0	0	0	0	0	0	0	0	0	60.99913966	0	0	0	0	0	0	0	0	0	0	0	0	0	0	0	0	0	0	0	0	0	0	308.6383194	0	0	0
0	0	0	0	0	0	0	0	0	0	0	0	0	0	0	0	172.2402911	72.40894155	0	0	0	0	0	0	0	0	0	0	0	23.60925342	0	0	0	0	0	0	0	0	0	0	0	0	0	0	0	0	0	0	0	6.982122242
0	0	0	0	0	0	0	44.02177619	0	0	0	0	0	0	0	0	0	0	0	0	0	0	0	0	0	0	0	0	0	0	0	0	0	0	0	0	0	0	0	0	0	0	0	0	0	0	65.58685074	0	0	113.3848056
572.9105847	0	119.3780286	0	0	0	0	0	0	0	0	0	267.4390281	0	0	0	0	249.5397383	0	0	0	0	0	0	0	0	0	0	0	0	597.4299492	0	278.6630721	0	0	0	0	0	0	0	0	0	0	0	0	0	0	0	0	0
0	0	0	715.7966445	0	1279.987437	0	0	0	0	287.4464581	0	0	198.1566911	0	0	0	0	0	0	0	0	0	0	0	0	0	0	605.9720448	311.7662749	0	0	0	0	0	0	107.1528343	0	0	0	0	0	177.9878644	0	268.2372205	0	71.26925905	0	0	81.33035602
0	0	0	0	0	0	0	0	0	0	0	0	0	0	0	0	0	0	0	0	0	0	0	0	0	0	0	0	0	0	0	0	0	0	0	0	0	0	0	57.48534515	0	0	16.95881204	189.7712513	0	0	0	0	0	0
0	0	0	0	0	861.7838176	0	0	0	0	0	0	0	0	0	0	16.24828818	0	72.11457826	0	0	186.7185242	0	0	0	0	0	0	0	0	29.90483804	195.465707	0	0	0	0	265.5127703	0	0	0	0	0	0	0	0	0	0	0	0	0
0	0	76.38430609	0	0	0	0	0	0	0	111.0983342	0	0	0	0	0	0	83.88239374	0	0	0	0	0	0	0	0	0	0	0	240.1533349	0	0	0	0	88.94588467	0	0	0	0	0	0	0	0	0	0	0	0	0	61.82679828	0
0	0	0	0	0	0	0	0	0	0	0	0	0	0	0	0	0	0	0	0	76.00514271	0	0	0	310.0739019	0	0	0	662.2515486	36.59542675	0	0	0	0	0	0	0	0	0	0	0	35.45130098	62.70728718	80.81746713	0	0	0	0	0	0
0	0	0	0	0	0	0	0	0	0	0	0	0	0	0	0	0	0	0	0	0	0	0	88.26555685	0	0	17.48844327	0	292.7097756	0	0	0	0	787.7730631	0	0	0	0	0	0	0	0	0	0	0	0	0	0	473.9240077	0
117.96593	0	0	0	60.14186123	118.0814434	49.01222062	0	0	221.5047657	0	0	0	0	0	0	0	0	0	0	0	713.475103	18.01726442	0	0	0	309.0147129	0	0	0	204.7431569	0	0	0	0	0	0	0	615.6558588	417.2608935	139.1843137	0	0	0	891.857757	0	0	0	0	0
0	0	0	0	0	0	0	0	0	0	0	0	401.5162133	0	173.2630361	0	0	0	0	0	0	308.2654237	0	741.0449562	206.7757468	102.4220801	0	497.69348	466.5343484	717.4799102	0	252.8799035	0	0	141.4094235	0	0	0	0	0	0	0	0	0	0	0	261.5526449	0	0	0
0	0	0	0	0	0	0	181.6164706	0	0	0	0	0	0	0	0	332.4697564	0	0	0	0	0	0	0	41.46817486	415.8281927	170.3716263	0	0	0	58.01868288	0	0	0	0	0	131.5098094	0	315.9260939	0	0	0	277.0407252	0	0	0	0	0	0	0
0	43.89081171	0	0	0	0	0	0	0	0	0	0	0	117.738267	0	0	0	0	0	106.5295367	57.88738499	166.6513794	39.16256001	323.9024077	5000	5000	257.839737	1964.00628	394.2643866	1779.514035	0	137.7671944	0	5000	269.5515189	0	0	0	0	0	87.40030826	267.6985411	0	0	41.67158945	0	0	0	0	0
0	0	0	0	0	0	479.5717354	0	0	0	0	258.8029749	0	0	0	0	0	0	0	0	312.6370514	0	66.08737726	0	5000	5000	346.1995988	0	0	0	0	0	0	0	0	0	0	0	0	0	0	0	0	0	0	0	0	533.8490805	0	0
0	0	0	0	0	0	0	0	0	54.63591321	0	0	0	0	0	59.49531698	91.77420363	342.4373049	0	0	0	0	296.9492084	0	828.3188381	73.9885728	0	0	194.3983538	0	358.0977135	0	0	0	0	0	0	0	0	0	0	0	0	0	0	0	0	0	0	0
0	0	0	0	0	0	0	0	0	0	0	0	0	146.3957104	0	0	0	0	0	0	0	217.8095817	0	139.5835114	0	0	332.2004519	0	0	0	0	1768.302234	0	144.2105288	0	0	0	0	0	0	0	0	0	0	561.4727756	0	0	264.5876744	0	0
0	0	0	344.0227217	0	0	0	0	0	0	0	0	0	0	0	0	0	0	0	0	0	0	76.08516011	0	0	101.3145552	0	0	0	0	0	0	0	0	0	0	0	226.0295785	0	0	0	0	0	0	0	0	0	0	0	0
0	0	0	0	0	0	0	0	0	0	0	0	0	0	107.7109768	0	0	0	0	202.7403992	0	0	0	0	0	0	191.3632858	0	0	0	0	0	0	0	0	0	0	0	0	0	212.8980734	0	0	0	0	0	85.81952345	0	0	0
0	0	0	110.8085449	0	93.56926371	0	0	0	0	0	0	0	180.8231821	0	0	490.8412161	0	0	0	0	0	0	0	0	0	0	177.4700392	0	91.06788779	0	0	0	0	0	0	0	0	0	78.81907488	0	0	347.4327464	0	0	0	0	0	0	0
0	0	0	0	0	0	103.353367	0	0	0	0	0	0	0	0	0	0	0	0	0	0	0	0	0	0	0	0	0	783.2512791	272.6034209	0	0	963.4346368	0	0	0	0	0	338.8974261	0	0	0	0	0	0	0	0	0	0	0
0	0	0	0	0	67.20020947	0	0	228.597165	0	0	0	0	0	0	0	162.7525164	0	0	0	0	0	208.0351875	0	395.657115	0	136.2037258	0	0	0	0	0	0	0	0	0	0	0	0	0	0	0	0	0	0	0	0	0	0	0
0	22.42930093	7.869831767	0	0	0	0	134.8775725	0	0	0	0	0	0	0	0	0	0	0	0	0	0	0	0	0	0	0	0	0	0	0	0	0	0	200.4310189	79.57067015	0	0	0	0	177.8592776	0	0	775.2040086	0	0	0	0	0	0
0	0	0	0	0	0	0	33.61163726	0	0	0.552900212	0	0	0	0	0	0	0	0	0	0	0	0	0	0	0	0	0	0	0	0	0	0	169.5362668	287.9337374	0	0	0	0	0	0	0	0	0	0	89.97591219	111.71258	0	0	0
0	0	0	0	0	112.046609	0	0	0	0	0	0	88.51240555	0	0	0	80.20716724	0	0	0	0	0	0	0	0	0	0	0	0	0	0	0	0	0	0	0	0	0	0	201.914073	0	0	0	0	0	0	0	0	163.1005834	0
0	0	0	0	0	0	0	0	0	0	0	0	0	0	0	0	0	0	0	0	217.7058637	0	0	0	0	0	0	0	0	0	0	0	0	0	0	0	0	0	0	0	0	0	0	0	0	0	0	0	0	0
0	0	0	121.8111462	0	0	0	0	0	0	0	0	0	0	0	0	0	0	0	0	0	0	0	0	0	0	0	0	0	0	0	0	0	0	0	0	0	0	0	0	0	0	0	0	0	0	0	0	0	0
0	0	0	0	0	0	18.856053	0	0	0	0	0	0	0	20.10271823	0	0	50.81585752	0	0	0	0	0	0	0	0	0	71.52625483	0	0	0	0	0	0	0	0	0	0	0	0	0	0	0	0	0	0	0	0	0	0
227.3953884	0	0	0	0	0	0	0	0	0	0	0	0	0	0	0	0	0	0	0	0	0	0	0	0	0	0	0	0	0	0	0	0	0	0	0	0	4.421879108	0	0	0	0	0	0	0	0	0	316.1825734	0	0
0	0	0	0	0	0	0	0	0	0	0	0	0	0	0	0	0	0	0	0	0	0	0	0	0	0	0	0	0	0	0	0	0	40.98405774	0	0	0	0	0	0	0	0	0	0	0	0	0	0	0	0
0	0	0	0	66.56596936	0	0	0	0	0	0	0	228.2875033	0	0	0	0	0	0	0	0	0	0	0	175.9148897	0	0	0	0	0	123.4752664	0	0	0	0	0	0	0	0	0	0	0	0	0	0	0	0	0	0	0
0	0	0	0	0	0	0	0	0	0	0	0	0	0	0	0	0	0	0	0	0	0	0	0	0	0	0	0	0	0	0	0	96.88094056	0	0	0	0	0	0	0	0	0	0	0	274.3140836	0	0	0	0	0
0	0	0	0	0	0	0	0	0	0	0	0	0	0	0	0	0	0	0	0	0	0	0	0	0	0	0	0	0	0	0	0	0	0	0	0	0	0	0	0	0	0	0	0	0	0	0	0	0	0
0	0	0	0	0	0	0	0	0	0	0	0	0	0	0	0	0	0	37.55408487	0	0	0	0	0	55.66027566	0	0	0	0	0	0	0	0	0	0	0	0	0	0	0	0	0	0	0	0	0	0	0	0	0
0	0	0	0	0	0	0	0	0	0	0	0	0	0	0	0	0	0	0	0	0	0	0	0	0	0	0	0	0	0	0	0	0	0	174.8491795	148.409058	0	0	0	0	0	0	0	0	0	0	0	0	0	0
0	0	0	0	80.15795018	0	0	188.1699575	0	0	0	0	0	0	0	0	0	0	0	0	0	0	0	0	0	0	0	53.54017368	0	0	0	0	0	0	0	0	0	0	0	0	0	0	0	0	0	0	0	0	0	0
0	0	0	0	0	0	0	0	0	0	0	0	0	83.73443724	0	540.8656314	92.60905137	0	0	0	0	0	0	0	0	0	0	0	0	0	0	0	0	0	0	0	0	0	0	0	0	0	7.422012017	0	0	0	0	0	0	0
0	0	0	0	0	0	0	0	0	0	0	0	0	0	0	0	0	0	290.1823169	0	0	0	0	0	0	0	0	0	0	0	0	0	0	0	0	0	0	0	0	0	0	0	0	0	0	0	0	0	0	0
0	0	0	0	0	0	50.11238906	0	0	0	0	0	0	0	0	0	0	0	0	0	0	0	0	0	46.00182509	0	0	0	0	0	0	0	0	0	0	0	0	0	0	0	0	663.8501011	0	0	0	0	0	0	0	16.74588028
178.9452962	0	0	224.3602423	0	144.9419926	0	0	9.066318451	0	401.604538	418.3238063	0	0	0	0	0	0	0	0	0	0	0	0	0	0	0	0	0	0	0	0	0	0	0	0	0	0	0	0	0	0	0	0	0	0	0	0	0	0
0	0	617.0042187	249.4466897	0	345.4448762	0	11.27258436	294.7399995	173.8705617	0	0	734.3515616	0	51.0412327	7.934451212	0	0	0	0	0	98.16431122	5000	32.25163356	320.0755549	213.2870511	0	391.4393624	0	214.987297	468.5029872	147.921241	195.7537293	366.1882422	168.9178745	0	456.7053098	514.1214044	456.2816674	0	165.4788274	4.514475258	0	497.1755375	290.4424794	0	0	0	0	31.28448807
325.6057487	38.86636234	1100.866774	122.1950474	0	0	2193.095977	0	436.9185196	410.754686	81.86799445	0	0	0	210.2779314	201.561079	0	1589.282582	0	215.1007069	96.47219497	0	0	118.3866139	72.63671988	657.911868	830.1515132	0	309.4655142	230.0553566	463.6101319	690.9524786	0	41.76114253	0	0	0	1197.676295	0	243.9860532	0	213.8628987	0	0	0	0	28.68454304	0	5000	479.801577
0	0	0	103.0583493	0	0	0	67.82868447	0	0	585.7331055	0	287.2766731	0	0	0	607.1491232	0	0	209.0004889	0	0	1814.959652	107.3121797	0	0	52.23349684	602.3266319	0	345.0865801	0	89.63568625	0	0	96.44483649	820.3442207	513.9562967	0	0	203.5489348	0	0	398.9391924	195.881622	545.5055966	1440.227511	100.5586034	51.4405991	0	25.14932817
0	0	0	0	0	105.1297864	0	5.312194477	29.25536429	0	0	0	0	0	193.7311813	276.0491306	245.2551675	240.1299084	0	0	41.20351431	51.49238526	0	0	595.0680815	0	0	10.92870479	0	0	0	0	0	167.0579316	0	87.67842273	0	0	158.0828013	0	1044.784029	0	475.6750589	0	0	0	415.8426839	0	43.77971106	0
0	0	0	0	0	0	0	0	0	0	0	0	0	0	0	0	0	0	92.33848158	0	0	0	0	0	0	0	0	0	1.122832959	0	11.98505427	0	582.2593652	0	0	0	139.7075002	0	0	0	0	0	0	172.1151523	0	0	0	0	0	48.11667383
0	0	0	0	0	0	0	0	0	0	0	0	0	0	0	0	0	177.25194	0	0	0	0	0	0	0	0	0	0	0	0	0	0	0	0	0	0	0	64.72704255	31.21923417	0	0	0	0	0	0	0	0	0	0	0
0	0	0	0	0	0	0	0	0	0	0	0	0	0	0	0	0	0	0	0	0	0	172.2731095	0	0	0	0	0	0	0	0	0	0	0	0	0	0	0	0	0	0	0	0	282.7098759	122.7359322	0	0	0	0	0
0	0	0	0	0	0	0	0	0	0	0	0	0	0	0	0	0	6.195509422	0	0	0	0	0	0	0	0	0	0	0	0	0	0	0	0	0	0	0	0	0	0	0	0	0	0	0	0	0	0	0	0
0	0	0	160.9042913	0	0	0	0	0	0	0	0	0	0	0	0	144.1616109	0	0	0	0	0	0	157.6227223	0	0	0	0	0	0	0	0	0	0	0	0	0	0	0	0	0	0	0	0	0	0	0	0	0	0
0	0	0	0	0	0	0	0	0	0	0	0	0	0	0	0	0	0	0	0	0	0	0	0	0	0	0	0	0	0	0	0	0	0	0	0	0	0	0	0	0	0	0	0	0	0	0	0	0	0
0	0	0	0	0	0	0	0	0	0	0	0	0	0	0	0	0	0	0	0	0	0	0	0	0	0	0	0	0	0	0	0	0	0	0	0	0	0	0	0	0	0	0	0	0	0	210.9332302	0	0	0
0	0	0	0	0	0	0	0	0	0	0	0	0	0	0	0	186.9545828	0	0	0	0	0	0	0	0	0	0	0	0	0	0	0	0	0	0	0	0	0	0	0	0	0	0	0	0	0	0	0	0	91.74813902
0	0	0	0	0	0	0	33.14230146	0	0	0	0	0	0	0	0	0	0	0	0	0	0	0	0	0	0	0	0	0	0	0	0	0	0	0	0	0	0	0	0	0	0	0	0	0	0	0	0	0	0
212.0703071	0	223.9789649	0	0	0	0	0	0	0	0	0	30.47972504	0	0	0	0	255.8257833	0	0	0	0	0	0	0	0	0	0	0	0	536.9488088	0	142.9489218	0	0	0	0	0	0	0	0	0	0	0	0	0	0	0	0	0
0	0	0	229.2624073	0	780.2875249	0	0	0	0	49.7215097	0	0	0	0	0	0	0	0	0	0	0	0	0	0	0	0	0	378.3503112	112.3020483	0	0	0	0	315.9319685	0	120.0337835	0	0	0	0	0	102.4913618	0	77.83800578	0	31.49715836	0	0	0
0	0	0	0	0	0	0	0	0	0	0	0	0	0	0	0	0	0	0	0	0	0	0	0	62.36575111	0	0	0	0	0	0	0	0	0	0	0	0	0	0	98.31824286	0	0	0	0	0	0	0	0	0	0
0	0	0	0	0	756.0923877	0	0	0	0	0	0	0	0	0	0	0	0	41.59482872	0	0	0	182.7588059	0	0	0	0	0	0	0	16.7314413	45.41831793	0	0	5.707244989	0	191.1488036	0	0	0	0	0	0	0	0	0	0	0	0	0
0	0	0	0	0	0	0	0	0	0	56.42960039	0	0	0	0	0	0	89.87700626	0	0	0	0	0	0	0	27.18307631	0	0	0	178.3300977	0	0	0	0	100.1904529	0	0	0	0	0	0	0	0	0	0	0	0	0	54.41033119	0
0	0	0	0	0	0	0	0	0	0	0	0	0	0	0	0	0	0	0	0	141.9659026	0	0	0	204.7878904	0	0	0	175.3345713	188.5325274	0	0	0	0	0	0	0	0	0	0	0	0	222.4037226	0	0	0	0	0	0	0
0	0	0	0	0	0	0	0	0	0	0	0	0	0	0	0	0	0	0	0	0	0	0	40.95344545	0	0	0	0	263.471933	0	0	0	0	476.168077	0	0	0	0	0	0	0	0	0	0	0	0	0	0	476.5064748	0
0	0	0	0	0	252.899551	0	0	0	143.143594	0	0	0	0	0	0	0	0	0	0	20.46037528	520.1921933	0	0	0	0	475.1924199	53.10084841	0	0	241.5962063	0	0	0	0	0	0	0	582.8725481	468.3992954	52.46249134	0	0	0	518.2586094	0	0	0	0	0
0	0	0	0	0	0	0	0	0	0	0	0	274.0443397	0	303.2115384	0	0	0	0	0	0	298.7721151	0	639.007747	252.2334289	0	0	213.7020022	562.5575175	348.9783428	0	255.1025056	0	62.14258643	134.3912784	0	0	0	0	0	0	0	0	0	0	0	232.4625867	0	0	0
0	0	0	0	0	0	0	98.37127325	0	0	0	0	0	0	0	0	0	0	0	0	0	0	0	0	0	314.7486071	212.3043845	0	0	0	68.65496706	0	0	0	0	0	0	0	268.4293014	0	0	0	40.06248879	0	0	0	0	0	0	0
0	132.0434985	0	0	0	0	0	0	0	0	0	0	0	0	0	0	0	0	0	6.381047766	50.08019243	109.8761089	8.915139455	110.1533518	5000	5000	345.6725891	1055.085188	159.0958986	2084.082241	154.0076631	273.9233316	0	1745.022701	166.7506405	0	0	0	14.742015	0	265.7019417	174.5335134	0	0	64.01571072	87.97713874	0	0	0	0
0	0	0	0	0	0	249.1346126	0	0	0	0	59.33450897	0	0	0	0	0	0	0	0	548.3799388	0	54.89623441	0	5000	5000	210.080262	0	0	0	0	0	0	0	0	0	0	0	0	0	0	0	0	0	0	0	0	422.0740696	0	0
0	0	0	0	0	0	0	0	0	65.4850191	0	0	0	0	0	0	57.8415331	0	0	0	0	0	75.9449175	0	347.8236543	0	0	23.50941974	295.1057728	99.67394186	35.21515785	0	185.610127	0	0	0	0	0	0	0	0	0	0	0	0	0	0	0	0	0
0	0	0	0	0	0	0	0	2.346949527	0	0	0	0	69.99595333	0	0	0	0	0	0	0	300.690259	0	302.8819766	81.55560506	0	101.1328781	149.616144	0	0	0	1802.013013	0	167.2194816	10.74727365	0	0	0	0	0	0	0	0	0	179.4729702	0	0	344.523516	0	0
0	0	0	303.7562802	29.47827682	0	0	0	0	0	0	0	0	0	0	0	0	0	0	0	0	0	0	0	0	110.1484455	0	0	0	0	0	0	9.765935355	0	0	0	48.90425373	154.4069066	0	0	0	0	0	0	0	0	0	0	0	0
0	0	0	0	0	0	0	0	0	0	0	0	0	0	9.382161732	0	0	0	97.20735832	255.0593703	0	0	0	0	0	0	400.5513646	0	0	0	0	0	0	0	0	0	0	0	0	0	102.3246389	0	0	0	0	0	13.50213596	0	0	0
0	0	0	160.0601533	0	515.1583152	0	0	27.48407271	0	0	0	0	81.35916106	0	0	191.1176685	0	0	0	0	0	0	0	0	0	0	65.34465691	0	0	0	0	0	0	0	0	0	0	0	100.7626502	0	0	0	0	0	0	0	0	0	0
0	0	0	0	0	0	140.9047947	0	0	0	0	0	0	117.756079	0	0	0	0	0	0	4.582884973	0	0	0	0	0	0	0	1123.254231	439.7804419	0	0	809.2453141	0	0	0	0	0	161.0074865	0	0	0	0	0	0	0	0	0	0	0
0	0	0	0	0	0	0	0	536.372354	0	0	0	0	0	0	0	89.91864138	0	0	0	0	0	173.0157831	0	632.0192082	0	126.5521011	0	0	0	0	0	0	0	0	0	0	0	0	0	0	0	0	8.393768883	0	0	0	0	0	0
0	0	63.10096821	0	0	0	0	125.3922509	0	0	0	0	0	0	0	0	0	0	0	0	0	0	0	0	0	0	0	3.361749165	0	0	0	0	0	0	19.0512729	212.377351	0	0	0	0	55.9325121	0	0	554.2289391	0	0	0	0	0	0
0	0	0	0	0	0	0	10.7628759	0	0	0	0	0	0	0	0	0	0	0	0	0	0	0	0	0	0	0	0	0	0	0	0	0	109.1740399	462.9674785	0	0	0	0	0	0	0	0	108.9138695	0	95.95518229	0	0	0	0
0	39.96959146	0	0	0	0	0	0	0	0	0	0	0	0	0	0	11.84947203	0	0	0	0	0	0	0	0	0	0	0	0	0	0	0	0	0	0	0	0	0	0	214.8110266	0	0	0	0	0	0	0	0	404.7947922	0
0	0	0	0	0	0	0	0	0	110.7784517	0	0	0	0	0	0	0	0	0	0	350.6796741	0	0	0	0	0	0	0	0	0	0	0	0	0	0	0	0	0	0	0	0	0	0	0	0	0	0	0	0	0
0	0	0	88.60965851	0	0	0	0	0	0	0	0	0	0	0	0	0	0	0	0	0	0	0	0	0	0	0	0	0	0	0	0	0	0	0	0	0	0	0	0	0	0	0	0	0	0	0	0	0	0
0	0	0	0	0	0	289.3354284	0	0	0	0	0	0	0	63.35224367	0	0	141.4688718	0	0	0	0	0	0	0	0	0	26.60417202	0	0	0	0	0	0	0	0	0	0	0	0	0	0	0	0	0	8.713951561	0	0	0	0
0	0	0	0	0	0	0	0	0	0	0	0	0	0	0	0	0	0	0	0	0	0	0	0	0	0	26.17776122	0	0	0	0	0	0	0	0	0	0	0	0	0	0	0	0	0	0	0	0	0	0	0
0	0	0	0	0	0	0	0	0	0	0	0	0	0	0	0	0	0	0	0	0	0	0	0	0	0	0	0	0	48.1795505	0	0	0	0	0	0	0	0	0	0	0	0	0	0	0	0	0	0	0	0
0	0	0	0	17.2530873	0	0	0	0	0	0	0	331.7305859	0	0	0	0	0	0	0	0	0	0	0	97.41019157	0	0	0	0	0	115.4761364	0	0	0	0	0	0	0	0	0	0	0	0	0	0	0	0	0	0	0
0	0	0	0	0	0	0	0	0	0	0	0	0	0	0	0	0	0	0	0	0	0	0	0	0	0	0	0	0	0	0	0	0	0	0	0	0	0	0	0	0	0	0	0	0	0	0	0	0	0
0	0	0	0	0	0	0	0	0	0	0	0	0	0	0	0	0	0	0	0	0	0	0	0	0	0	0	0	0	0	0	0	0	0	0	0	0	0	0	0	0	0	0	0	0	0	0	0	0	0
0	0	0	0	0	0	1.980538564	0	0	0	0	0	0	0	0	0	0	0	0	0	0	0	0	0	0	0	0	0	0	0	0	0	0	0	0	0	0	0	0	0	0	0	0	0	0	0	0	0	0	0
0	0	0	0	0	0	0	0	0	0	0	0	0	0	0	0	0	0	0	0	0	0	0	0	0	0	0	0	0	0	0	0	0	0	213.8691659	0	0	0	0	0	0	0	0	0	0	0	0	0	0	0
0	0	0	0	0	0	0	0	0	0	0	0	0	0	0	0	0	0	0	0	0	0	0	0	0	0	0	0	0	0	0	0	0	0	0	0	0	0	0	0	0	79.35664321	0	0	0	0	0	0	0	0
0	0	0	0	0	0	0	0	0	0	0	0	0	157.7800063	0	546.7669274	21.68259909	0	0	0	0	0	0	0	0	0	0	0	0	0	0	0	0	0	0	0	0	0	0	0	0	0	0	0	0	0	0	0	50.731111	0
0	0	0	0	0	0	0	0	0	0	0	0	0	0	0	0	0	0	236.56644	0	0	0	0	88.4575961	0	0	0	0	0	0	0	0	0	0	0	0	0	0	0	0	0	0	0	0	0	0	0	0	0	0
0	0	0	0	0	0	0	0	0	0	0	0	0	0	0	0	0	0	0	0	0	0	0	0	179.3099257	0	0	0	0	0	0	0	0	0	0	0	0	0	0	0	0	688.1523969	0	0	0	0	0	0	0	0
23.89608948	0	0	349.3272175	0	0	0	0	34.6382054	0	152.2450862	522.8837155	0	0	0	0	0	0	0	0	0	0	0	0	0	0	0	0	0	0	0	0	0	0	0	0	0	0	0	0	0	0	0	0	0	0	0	0	0	0
40.81618173	0	98.73938955	0	0	0	0	148.1731945	0	140.1126408	0	41.03112413	631.4083438	53.5876917	0	0	0	0	0	0	0	54.57106373	5000	232.054595	523.8201727	52.03047861	0	711.4481648	0	6.539330956	156.0810269	0	176.7175208	714.5549848	29.60428473	0	324.583032	577.1910704	609.6394292	0	254.3353051	1.986933522	55.45916791	44.91096147	0	0	0	0	0	0
499.7247157	158.5039382	863.4980331	92.12760939	20.79364167	0	3277.128869	0	109.639899	159.3719548	0	0	0	0	137.0282527	527.11451	0	1168.441823	0	48.29998686	0	0	0	274.5122159	34.80141981	147.8174043	1143.497282	0	558.759087	150.3003767	506.0165067	433.0713831	0	178.5793185	0	25.59228441	0	1059.24344	0	282.9465814	0	64.048136	0	0	16.09324599	0	0	59.40230061	1850.696763	533.1381841
2.631527243	0	0	65.5733908	0	0	0	190.7406509	0	0	396.7953782	0	355.0638442	0	0	0	337.8549322	0	0	181.5887361	0	0	5000	24.90370882	0	0	76.20296226	182.4459351	0	214.0288521	0	0	0	0	245.7881121	780.1480178	580.0222905	0	0	156.5588646	0	0	356.4639275	314.389102	215.4318734	927.7063411	0	89.22127794	0	0
0	0	0	0	0	0	0	156.8698453	73.16056098	0	0	0	0	0	125.7775922	436.7786268	117.6756571	234.1141899	0	0	0	0	0	0	589.8711129	0	0	5.902188656	0	0	32.33884442	0	38.42371444	173.3281315	0	26.76684164	0	0	611.0783439	0	478.2631855	0	306.0873831	0	0	0	166.6777675	0	0	0
0	0	0	0	0	0	0	0	0	0	0	0	0	0	0	0	0	0	7.065044545	0	49.93586006	0	121.8974917	0	0	0	0	0	0	0	0	0	228.367777	0	0	0	0	0	0	0	0	0	0	0	0	0	0	0	0	63.10179091
0	0	0	0	67.79217235	0	0	128.2392344	0	0	0	0	0	0	0	0	0	107.0593913	0	0	0	0	0	0	0	0	0	0	0	0	0	0	0	0	56.2369231	0	0	19.05474228	96.56820047	0	0	0	0	0	0	0	0	0	0	45.72796527
0	0	0	0	0	0	0	0	0	0	0	0	0	0	0	0	0	0	0	0	0	0	0	0	0	0	0	0	0	0	0	0	0	0	0	0	0	0	0	0	0	0	0	8.932031468	0	0	0	0	0	0
0	0	0	0	0	0	0	0	0	0	0	0	0	0	0	0	0	0	0	0	0	0	0	0	0	0	0	0	0	0	0	0	0	0	0	0	0	0	0	0	0	0	0	0	0	0	0	0	0	0
0	0	0	129.6971859	0	0	0	0	0	0	0	0	0	0	0	62.61996495	0.558136689	0	0	0	0	0	0	207.2850028	0	0	0	0	0	0	0	0	0	0	0	0	0	0	0	0	0	0	0	0	0	0	0	0	0	0
0	0	0	0	0	0	0	0	0	0	0	0	0	0	0	0	0	0	0	0	0	0	0	0	0	0	0	0	0	0	0	0	0	0	0	0	0	0	0	0	0	0	0	0	0	0	0	0	0	0
0	0	0	0	0	0	0	0	0	0	0	0	0	0	0	0	0	0	0	0	0	0	0	0	0	0	0	0	0	0	0	0	0	0	0	0	0	0	0	0	0	0	0	0	0	0	42.48181061	0	0	0
0	0	0	0	0	0	0	0	0	0	0	0	0	0	0	0	123.2120343	0	0	0	0	0	0	0	0	0	0	0	0	0	0	0	0	0	0	0	0	0	0	0	0	0	0	0	0	0	0	0	0	0
0	0	0	0	0	0	0	0	0	0	0	0	0	0	0	0	0	0	0	0	0	0	0	0	0	0	0	0	0	0	0	0	0	0	0	0	0	0	0	0	0	0	0	0	0	0	0	0	0	0
175.9058766	0	185.874416	0	0	0	0	0	0	0	0	0	140.5418981	0	0	0	0	190.6944632	0	0	0	0	0	0	0	0	0	0	0	0	572.4231837	0	195.1171249	0	0	0	0	0	0	0	0	0	0	0	0	0	0	0	0	0
0	0	0	382.9342827	0	892.7706692	0	0	0	0	0	0	0	0	0	0	0	0	0	0	0	0	0	0	0	0	0	0	448.9185797	76.05419159	0	0	0	0	0	0	0	0	0	0	0	0	70.94176982	0	0	0	139.44544	0	0	0
0	0	0	0	0	0	0	0	0	0	0	0	0	0	0	0	0	0	0	0	0	0	0	0	280.5289448	0	0	0	0	0	0	0	0	0	0	0	0	0	0	0	0	0	0	8.72565838	0	0	0	0	0	0
0	0	0	0	0	699.2127271	0	0	0	0	0	0	0	0	0	0	0	0	22.46105878	0	0	56.94978611	74.66032726	0	0	0	0	0	0	0	4.046164122	3.567076688	0	0	0	0	252.6776007	0	0	0	0	0	0	0	0	0	0	0	0	0
0	0	70.55301605	0	0	0	0	0	0	0	57.29932529	0	0	0	0	0	0	44.94068888	0	0	0	0	0	0	0	11.12319384	0	0	0	195.15086	0	0	51.57142488	0	0	0	0	0	0	0	0	0	0	0	0	0	0	0	55.28024934	0
0	0	0	0	0	0	0	0	0	0	0	0	0	0	0	0	0	0	0	0	106.4152182	0	0	0	212.1192007	0	0	0	530.5186953	178.0499325	0	0	0	0	0	0	0	0	0	0	0	74.50701431	172.120859	0	0	0	0	0	0	0
0	0	0	0	0	0	0	0	0	0	0	0	0	0	0	0	0	0	0	216.0956668	0	0	0	94.53319607	0	0	79.2549991	0	152.8824736	0	0	0	0	658.7850473	0	0	0	0	0	0	0	0	0	0	0	0	0	0	342.4846513	0
0	0	0	0	0	106.8551815	0	0	0	237.0435599	0	0	0	0	0	0	0	0	0	0	0	495.5159039	0	0	0	0	153.3615553	168.8266822	0	0	40.80460961	0	0	0	0	0	0	0	692.4004736	184.4749973	0	0	0	0	774.2919611	0	0	0	0	0
0	0	0	0	0	0	0	0	0	0	0	0	656.6863739	0	249.4094319	0	0	0	0	0	0	222.7678373	0	516.7802561	162.5188834	69.63084038	0	60.17567906	640.2099656	480.3285186	0	193.2805516	0	56.88501844	137.2756069	0	0	0	0	0	0	0	0	0	0	0	388.3301857	0	0	0
0	0	0	0	0	0	0	80.11570573	0	0	0	0	0	0	0	0	0	0	0	0	0	0	0	0	0	660.4569697	34.21730858	0	0	0	0	0	0	0	0	0	0	0	114.508797	0	0	0	106.1677744	0	0	0	0	0	0	0
0	39.66465298	0	0	0	98.24935901	0	0	0	0	0	0	0	0	0	0	0	0	0	166.1417871	0	269.979275	0	185.8221227	5000	5000	578.0873505	1578.570322	323.5510143	1636.393394	0	140.7072445	0	5000	196.0446496	0	0	0	80.84918877	0	74.97602098	265.8639325	0	0	0	0	0	0	0	0
0	0	0	0	0	0	451.126155	0	0	0	0	0	0	0	0	0	0	0	0	0	808.9044167	0	0	0	5000	5000	283.2454039	0	44.27435834	0	0	0	0	0	0	0	0	0	0	0	0	0	0	0	0	0	0	642.968559	0	0
0	0	0	0	0	0	0	0	0	52.04807359	0	0	0	0	0	0	0	0	0	0	0	0	296.0510288	0	320.9718128	0	0	0	240.2477048	225.4952618	207.9701837	0	21.77663543	0	0	0	0	0	0	0	0	0	0	0	0	0	0	0	0	0
0	0	0	0	0	0	0	0	0	0	0	0	0	266.1183351	0	0	0	0	0	0	0	360.3625046	0	261.8374805	42.4245077	0	231.4351693	0	0	0	0	2345.247184	0	66.79231782	81.6272375	78.61971041	0	0	0	0	0	0	0	0	314.0210716	0	0	311.6267487	3.376065072	0
0	0	0	72.11315559	6.671279316	0	0	0	0	0	0	0	0	0	0	0	0	0	0	0	0	0	0	0	0.308475263	218.1809877	0	0	0	0	0	0	0	0	0	0	0	0	0	0	0	0	0	0	0	0	0	0	0	0
0	0	0	0	0	0	0	0	0	0	0	0	0	0	0	0	0	0	261.9180705	176.7115828	0	0	0	0	0	0	421.0827583	0	0	0	0	0	0	0	0	0	0	0	0	0	39.99075873	0	0	0	0	0	62.33380751	0	0	0
0	0	0	0	0	0	0	0	0	0	0	0	0	0	0	0	382.8265405	0	0	0	0	0	0	0	0	0	0	0	0	0	0	0	0	0	0	0	0	0	0	0	0	0	172.8903359	0	0	0	0	0	0	0
0	0	0	0	0	0	0	0	0	0	0	0	0	0	0	0	0	0	0	0	0	0	0	0	0	0	0	0	766.1102727	416.3104684	0	0	1028.804156	0	0	0	0	0	11.90724088	0	0	0	0	0	0	0	0	0	0	0
0	0	0	0	0	1.665794085	0	0	334.1205927	0	0	0	0	0	0	0	45.5452808	0	0	0	0	0	0	0	284.8204571	0	137.0594748	0	0	0	0	0	0	0	0	0	0	0	0	0	0	0	0	0	0	0	0	0	6.871853651	0
0	116.9080551	107.7646637	0	0	0	0	0	0	0	0	0	0	0	0	0	0	0	0	0	0	0	0	0	0	0	0	0	0	0	0	0	0	0	0	0	0	0	0	0	104.5435408	0	0	623.9969962	0	0	0	0	0	0
0	0	0	0	0	0	0	0	11.56954383	0	0	0	0	0	0	70.77052579	0	0	0	0	0	0	0	0	0	0	0	0	0	0	0	0	0	23.32661437	297.3288745	0	0	0	0	0	0	0	0	0	0	128.2057615	132.8530764	0	0	0
0	0	0	0	0	0	0	0	0	0	0	0	0	0	0	0	334.4063789	0	0	0	0	0	0	0	0	0	0	0	0	0	0	0	0	0	0	0	0	0	0	95.63013038	0	0	0	0	0	0	0	0	173.6979696	0
0	0	0	0	0	0	0	0	0	107.0090288	0	0	0	0	0	0	0	0	0	0	131.5556602	0	0	0	0	0	0	0	0	0	74.03764928	0	0	0	0	0	0	0	0	0	0	0	0	0	0	0	0	0	0	0
0	0	0	244.7079588	0	0	0	0	0	0	0	0	0	0	0	0	0	0	0	0	0	0	0	0	0	0	0	0	0	0	0	0	0	0	0	0	0	0	0	0	0	0	0	0	0	0	0	0	0	0
0	0	0	0	0	0	157.3185836	0	0	0	0	0	0	0	107.3037324	0	0	163.9789333	0	0	0	0	0	0	0	0	0	0	0	0	0	0	0	0	0	0	0	0	0	0	0	0	0	0	0	0	0	0	0	0
2.259322265	0	0	33.1980265	0	0	0	0	0	0	0	0	0	0	0	0	0	0	0	0	0	0	0	0	0	0	0	0	0	0	0	0	0	0	0	0	0	0	0	0	0	0	0	0	0	0	0	47.87255964	0	0
0	0	0	0	0	0	0	0	0	0	0	0	0	0	0	0	0	0	0	0	0	0	0	0	0	0	0	0	0	0	0	0	0	0	0	0	0	0	0	0	0	0	0	0	0	0	0	0	0	0
0	0	0	0	0	0	0	0	0	0	0	0	170.2044659	0	0	0	0	0	0	0	0	0	0	0	106.8879898	0	0	0	0	0	0	0	0	0	0	0	0	0	0	0	0	0	0	0	0	0	0	0	0	0
0	0	0	0	0	0	0	0	0	0	0	0	0	0	0	0	0	0	0	0	0	0	0	0	0	0	0	0	0	0	0	0	0	0	0	0	0	0	0	0	0	0	0	0	0	0	0	0	0	0
0	0	0	0	0	0	0	0	0	0	0	0	0	0	0	0	0	0	0	0	0	0	0	0	0	0	0	0	0	0	0	0	0	0	0	0	0	0	0	0	0	0	0	0	0	0	0	0	0	0
0	0	0	0	0	0	0	0	0	0	0	0	0	0	0	0	0	0	0	0	0	0	0	0	0	0	0	0	0	0	0	0	0	0	0	0	0	0	0	0	0	0	0	0	0	0	0	0	0	0
0	0	0	0	0	0	0	0	0	0	0	0	0	0	0	0	0	0	0	0	0	0	0	0	0	0	0	0	0	0	0	0	0	0	42.2546327	0	0	0	0	0	0	0	0	0	0	0	0	0	0	0
0	0	0	17.29917635	15.65207869	0	0	0	0	0	0	0	0	0	0	0	0	0	0	0	0	0	0	0	0	0	0	0	0	0	0	0	0	0	0	0	0	0	0	0	0	0	0	0	0	0	0	0	0	0
0	0	0	0	0	0	0	0	0	0	0	0	0	199.6106491	0	516.9084255	44.47605431	0	0	0	0	0	0	0	0	0	0	0	0	0	0	0	0	0	0	0	0	0	0	0	0	0	0	0	0	0	0	0	0	0
0	0	0	0	0	0	0	0	0	0	0	0	0	0	2.191013524	0	0	0	62.24080711	0	0	0	0	0	0	0	0	0	0	0	0	0	0	0	0	0	0	0	0	0	0	0	0	0	0	0	0	0	0	0
0	0	0	0	0	0	0	0	0	0	0	0	0	0	0	0	0	0	0	0	0	0	0	0	216.3723608	0	0	0	0	0	0	0	0	0	0	0	0	0	0	0	0	555.9962388	0	0	0	0	0	0	0	0
